image: flat_save.pgm
resolution: 0.050000
origin: [-2.463334, -2.678103, 0.000000]
negate: 0
occupied_thresh: 0.65
free_thresh: 0.196

