image: turtlebot3_house_save.pgm
resolution: 0.050000
origin: [-6.586631, -6.137860, 0.000000]
negate: 0
occupied_thresh: 0.65
free_thresh: 0.196

